54705
246687
359914
662274
992078
230940
941948
440340
389554
139430
151503
615801
731809
406283
630074
529929
714083
309111
380372
794648
274310
720809
436667
387660
582218
865632
156754
842484
752179
333235
421256
323237
96274
781171
985511
88352
12111
443812
45044
918017
99594
196547
50171
347756
119182
680245
394037
349617
505709
774410
144266
780019
11571
97285
684031
593790
962918
357137
952626
231449
690372
373882
71038
302998
155053
56550
907702
683516
16714
952746
117886
116308
665645
168057
980416
301179
848302
374454
650797
870363
148864
311415
650382
676787
408700
850765
270577
887970
207902
739555
119420
898274
113438
190458
717624
784843
763360
625326
984712
296426
94424
102598
929087
276421
270655
909503
577601
635309
283957
744750
505673
949173
56165
672407
625961
464865
523173
412890
869188
731075
152446
504960
145702
265884
211770
863326
567079
975131
5005
551791
787909
615781
170741
716996
892203
957748
626500
986156
593058
426809
730906
615083
375983
303423
287490
1944
284640
327015
414834
153828
58091
83632
658788
720145
865868
870559
99823
432948
362042
621180
501091
666303
236962
671833
383300
645517
629581
526152
148025
738991
469313
395283
354074
845296
698706
157917
363592
499698
484932
294779
653527
59375
378411
828667
779520
244280
215578
395696
193580
93972
16876
694671
760276
253838
366504
659928
415707
996086
702432
563732
735077
171745
959015
605504
533394
174073
279773
413338
673772
281057
708117
843651
340433
602881
672318
636305
363513
404249
32001
557093
14573
48878
768116
291201
819068
134621
467481
751128
647059
169913
314860
898488
858011
790228
20344
907757
964301
300117
321095
638073
581175
29213
998076
437960
148446
186747
74265
511959
590996
622619
585404
121921
187849
353520
413123
523269
4493
880604
274397
167904
566870
589258
66393
424881
895838
86737
332638
860139
386855
170085
14565
484382
199298
12641
922342
864096
199388
996607
376055
306736
135578
477811
428658
839779
831332
358133
363049
352177
755089
637446
520082
321959
743056
586475
263192
638894
189564
112182
15386
92771
282268
29951
577153
997918
558944
499495
862015
274685
12455
754422
581421
664385
232234
526431
504165
579918
400916
867214
932095
156006
21012
452177
477965
764069
555004
257510
919315
260921
369692
934701
353692
651960
964652
447198
649879
523597
463045
511894
314634
991852
266316
896055
656238
14902
938839
160403
594820
856107
543969
43268
12113
81333
11797
6431
845402
566802
263941
764718
344075
633633
215771
214119
801946
180424
661317
968177
220373
124363
480071
535007
116215
262739
947414
288805
793994
402605
965560
388814
258713
509529
432082
270826
590863
960232
793609
952617
527034
57550
233687
387461
207536
449459
601580
525834
146235
262898
494011
366608
903613
490434
417967
536180
753173
881733
824986
547167
284339
790546
452334
543052
816428
400768
330230
923643
361000
640192
876260
404386
697742
626300
791847
421630
75759
909780
947464
221994
689030
957827
104954
592643
448261
522921
645175
201435
921006
986513
264954
205345
293412
717288
264749
626192
634409
111332
549835
995409
751524
942447
916148
965618
568747
707995
903601
644506
617775
851065
382852
306805
325245
487806
415800
773506
527079
577328
974941
448086
563841
756248
169783
857253
989888
434533
483445
624297
62217
549632
136059
813741
492080
52207
295711
60827
276554
199312
705334
410682
566730
604538
717487
891975
92345
649640
665481
619424
226968
156775
583862
790809
429375
753646
164415
419263
704531
164212
559913
283100
713845
212324
613193
722277
264531
908904
783104
57437
108217
4790
468119
191299
609329
185607
83274
218026
351599
748755
353802
578567
421882
937665
885728
851257
207663
566495
270521
428546
730708
346786
711646
960905
559110
841191
683182
339993
750095
982638
397430
374664
503781
865550
565963
113110
567509
165589
847488
919108
914345
201290
497675
852579
655307
899755
703837
379322
466251
490710
807868
196959
837496
35866
674216
396606
877057
873750
252951
143505
856388
650381
518169
876521
515931
600485
505983
599792
766074
353471
518900
196771
554762
532927
49351
726421
432683
269540
105744
415286
760250
429964
128597
597746
465831
802813
510704
859240
192915
763655
519097
565655
930388
553619
442177
962672
154104
948160
562464
436530
301632
597717
633302
372746
130644
199005
99167
79679
468545
204911
494965
228795
634876
623562
342893
617059
942727
369949
992651
135642
649956
511749
701298
580344
65368
659827
543016
219472
607987
621833
172354
425971
219550
322008
798717
866546
521013
414237
462578
505910
135500
957543
251057
286728
97458
110302
903787
556537
480251
896439
208532
130207
924540
909830
226904
989908
86009
286272
725732
693996
424457
898086
119968
644007
220095
435037
26906
257460
849274
489484
279723
984775
963379
530780
271503
577189
641083
691643
133727
637686
104434
342259
284246
28974
768441
511150
535234
854450
313774
260966
64798
738232
675404
701118
382239
411851
136156
925497
669312
501782
414981
949035
2909
378361
996167
790765
955550
637250
482408
605629
791289
103194
464240
75535
132168
749033
586685
667402
603483
416811
444720
184634
155043
120124
885752
53635
531976
538260
979132
717640
556395
394114
183027
559304
288827
179194
350069
760729
332797
348829
366359
124086
452023
830599
715973
100543
579633
302658
284297
699468
235821
729017
400454
390865
365494
802559
444500
413822
857171
939984
647814
413566
850450
830841
489223
139277
526387
839292
900007
375536
704474
782718
15974
156497
129669
731947
257041
225654
550957
541338
925123
786779
786708
841929
693996
152202
644488
654848
566024
501660
594832
213838
431578
445283
561031
920801
100912
603770
276446
517271
979307
980920
299989
995281
653769
429659
243581
910810
655313
794538
968501
96788
97669
755209
938718
791665
423763
99558
446513
989787
117570
557698
719977
549149
519333
797360
986302
620245
401130
262748
137517
380437
760020
437506
892071
413790
383517
135652
324600
38831
446542
809453
651971
544212
564662
590689
852229
988425
206600
298743
494564
324170
372793
730893
389671
892126
528253
375974
512371
445736
638722
649888
342525
398743
603747
234596
812533
987264
886600
653485
542447
333143
462939
194419
393707
543953
301460
245936
532379
508060
61031
543295
348583
433824
274189
738254
325950
318794
114228
838322
764530
269303
4562
107056
184398
124661
858004
513283
628278
260957
683120
170725
594100
146059
365144
504159
690013
182957
266447
738744
691017
327479
798391
39600
277655
588932
777855
603606
907727
408435
958280
188609
677738
479194
812017
378488
603856
186374
891771
232134
447331
574892
919211
557783
237303
800708
61942
443668
983665
328389
698764
191034
172220
497156
230635
449876
86088
524842
569834
510167
449629
44466
698777
643720
523660
27146
22208
643868
213520
430332
392354
177203
521576
311566
734986
758879
628626
313280
202548
612291
158022
901312
803325
330242
914820
550312
296470
909
591506
866304
511076
557488
427122
726205
201208
950783
269704
739768
111003
999576
170100
19710
176780
691676
847628
428118
966908
476254
741399
169456
88545
899421
587120
408222
746015
501941
474887
558838
19202
582745
941494
46630
140233
368617
772836
341441
835752
42540
597562
946755
42116
767662
966465
735248
975691
814093
163367
942599
290347
421118
628407
895244
836891
731879
819819
582906
750172
294706
141744
285726
877451
83239
332357
534037
451856
105193
875478
803960
664085
989392
750715
222553
273407
233533
957802
249098
563978
637521
708049
370678
574991
852808
782274
411882
101039
602093
994788
367564
413151
652885
653290
290603
252476
985647
340992
220684
607192
216470
24644
271277
722215
291711
10183
995622
525244
967985
761072
605575
121858
985473
976253
696849
838281
758527
108731
455672
876973
619871
823236
290124
789108
992879
97079
41584
978526
438071
778620
585719
170894
803264
373348
893109
611328
383531
888731
136572
867868
166155
258499
506078
151628
234752
202927
506261
509632
828010
961933
902957
964234
301522
193081
269694
294401
806513
827631
789279
760936
606251
891350
448182
925868
264699
341291
537196
164582
746374
190120
32451
912529
448620
538529
580509
199724
257809
86770
225708
602171
565056
128665
82757
866578
838099
352452
677331
160964
180083
982962
921900
786334
874313
370083
228554
655364
227726
765750
819946
974101
955871
852397
402982
404491
907279
983492
120567
165088
586614
346276
283611
151670
474941
366369
18248
313040
718821
211931
474004
415256
194894
912257
717942
585559
282340
946497
240923
510066
712247
60869
519
668118
429619
919854
588961
336898
419698
709529
18338
6312
572157
301949
157983
47098
184670
692583
876491
419843
904515
866847
835099
615761
779104
553042
201320
577796
499539
958595
604215
211786
19464
604734
396257
965435
40940
501570
818685
460638
727451
353375
466951
299608
171677
624934
863059
356347
833869
739550
776191
254736
122749
611290
870497
901854
164332
588169
996002
180223
546764
600217
392010
82581
204952
304619
564368
245892
806189
383054
222883
49993
736429
689834
349601
908106
831120
212660
264454
664989
468562
556997
919726
591312
168287
306575
9518
848972
411097
5520
29195
957861
605738
937557
556794
327042
758528
121163
89286
81070
504217
312169
131063
756998
2003
997016
665105
833123
209677
445911
14465
194591
2908
450543
785903
687547
757118
795421
52871
168215
800942
82067
642429
923032
535976
715575
250074
294505
353090
339360
375575
373659
651530
22990
130658
169885
20006
312115
519361
746035
758026
533826
940627
277286
984369
242882
964833
257839
38304
534057
426055
355598
132476
584836
278630
668452
816763
528704
479309
169854
384416
854884
543513
552298
394226
674171
722184
414233
986286
241545
160268
260664
775371
617247
537950
276092
860130
19136
533931
414786
553193
476338
770384
202021
577526
565366
870473
394290
610422
349783
564144
994838
721019
107657
547137
631598
298181
269321
45831
800819
27218
722451
61484
318941
339699
115786
595033
716181
651274
128964
130967
720819
605303
901351
922840
182829
983069
309666
577119
593491
175801
657615
588329
896820
281625
651818
44770
579806
437491
90601
896977
464709
329405
474813
783650
669104
590600
378683
385285
758226
24000
32604
479046
629303
450307
918238
328484
433376
227904
421956
26867
403705
79571
615196
816878
361196
783367
861648
457354
220858
468602
870684
201920
798007
345497
985570
467111
452449
880606
368748
210676
904606
917704
206074
50261
368011
124312
378745
801387
352217
317053
828254
272274
396625
959802
605504
274173
743169
467153
247880
480380
452107
118564
682300
250114
464061
184222
233577
916511
581180
118677
643539
2138
36381
849613
52399
404392
973925
947497
205779
842494
780902
34033
114769
177527
510187
236625
968053
253357
703778
215933
250089
155885
850849
448741
922351
831262
632963
155928
747773
730496
274605
907664
732634
310986
757277
301386
715378
731203
765235
437509
90049
546137
987894
721170
240017
498082
957796
208070
267791
661574
940355
517880
333812
791204
482973
256163
138818
632288
928444
886592
362784
203049
310608
611771
30388
67886
913157
262118
799089
194744
215980
405490
257233
203874
126661
497250
701956
84457
221672
486099
262383
678379
3979
596195
469583
3304
368711
124754
635593
813507
11346
998377
532908
838306
610148
563296
906192
39657
341767
221633
750753
557747
627124
7987
761621
753785
21589
979930
838242
243262
466029
100625
921641
986361
213173
907577
989665
98236
32331
625258
428095
560029
139988
961003
398335
266488
40652
304528
822498
898771
42513
573251
456518
669637
581238
734491
939774
602828
230773
778016
362442
213155
394994
284083
715868
124519
708012
705533
739107
740343
847144
167202
816724
503484
644557
731412
769972
685209
35940
592470
100332
594805
165722
556850
264443
263312
807694
204217
382492
554819
498586
744934
767974
409932
545370
483842
50803
253382
705728
789910
510078
69224
473464
843154
572708
118021
574566
342680
319583
126858
451503
419915
721664
133577
493118
986107
396889
817164
706676
295734
888335
721614
40668
656310
131546
102390
656504
182349
872125
878584
488611
382203
947808
962075
741709
520516
596449
316276
379549
432384
443134
347404
368651
681150
480981
378121
183609
394222
195285
890286
689956
83621
611900
246977
256283
259799
349367
429139
442148
221492
307724
930760
120047
255532
409187
861757
292401
521988
694385
188302
954372
653871
52058
323024
335022
533039
701145
518631
443613
412783
925269
133570
12756
53522
380547
785391
829673
246266
214530
271821
467759
522254
718933
104158
294139
644473
965915
102892
166461
176652
807546
637186
830524
859604
960210
681898
908995
177707
716881
868960
106842
642151
2530
119598
212025
899429
421341
41698
662048
635872
829871
129807
674478
65157
233965
484969
709630
716233
104213
392443
892885
428111
29629
239761
804067
506191
921659
229414
683899
638541
98375
307093
797044
617257
943044
525421
516687
364385
567119
178735
516609
913342
824894
191088
494851
575211
192409
720833
807796
296623
113277
700682
241086
659258
456795
45154
165450
378455
274568
365701
533348
372943
672794
330392
990201
615838
855813
23240
496576
939284
718327
13185
368978
543221
720625
863830
634784
913035
584663
442581
726010
214292
659615
967096
873551
116410
528602
39001
494865
803171
921054
544565
692466
593848
874957
682667
726039
247122
222259
222615
702758
940586
752152
71737
159
472778
451919
634944
902165
552934
77525
628175
767227
737140
111623
157130
853550
640226
712483
864768
959749
633537
409333
652215
743737
800643
851235
469776
47765
589846
208743
750524
530433
477248
338613
46944
950026
790532
681888
368543
343466
759413
513070
627045
12905
624693
784175
382808
781271
13010
247576
257372
646547
173261
425940
906637
973904
277175
892765
21670
383373
617861
288546
913806
95109
627159
960751
561487
417691
158991
930030
277509
434757
443100
904555
447662
584145
205082
830470
881769
218093
594398
655493
380992
767660
81433
287629
257916
874960
180395
279586
258334
798256
84484
688492
409717
711643
165595
971204
645686
324587
417586
923196
759344
377038
827751
723358
477535
32833
70181
359304
250926
180931
531150
148271
948591
612583
435900
722860
487544
132647
2446
745878
447255
603283
950722
856972
314926
116318
344528
960613
440905
762114
883809
716601
655504
227912
956311
133040
260745
542844
8696
28024
723776
539846
176295
188719
152430
128547
911579
156326
261195
430378
418556
224802
33661
369278
81775
864939
485596
942655
825552
442853
221122
225713
675806
876626
453625
148470
9666
230723
691314
18363
775099
931442
74561
467746
636514
226991
596293
548093
899669
373840
494823
318225
598643
528484
687504
196770
909776
689452
655777
735328
648658
876899
477394
840816
753526
447371
989286
763192
194446
196953
297907
969545
128395
372469
437291
764909
115812
549937
829355
15482
440129
324178
333707
555124
369015
537563
268246
278791
743368
924024
530471
908378
800923
524217
749194
70801
971589
738481
833994
166035
451786
648253
651933
580181
20722
605576
861443
136535
155513
207150
152017
111995
47680
2076
667119
416695
55992
935366
211838
315712
375742
742310
224090
693017
266527
973284
763819
754468
228117
597813
436856
679903
246066
88789
260085
783141
694365
637880
919676
366231
845030
588045
994578
892710
106473
661697
825758
678817
113415
37596
994529
5509
296258
218619
698527
79138
708256
462346
833606
936373
576511
270462
616277
822577
875603
392714
122070
86321
30594
558098
968904
391976
662495
963482
801038
768969
625179
626796
447786
254947
180745
958668
260456
477003
177287
958983
556141
885543
421329
906100
338269
997840
692914
954546
336770
84870
347260
458840
171191
894206
533291
140095
286182
195786
103577
87220
964755
245108
714017
928894
16407
894762
403914
276864
888117
97553
752199
960611
499449
173529
383063
837718
687721
75977
792264
540843
677199
655876
516036
848390
550082
49327
504837
836264
245113
608414
439836
726221
369875
670205
171467
386282
81319
575381
179498
969437
672934
931698
446400
688735
105227
829463
526453
309300
421792
835069
850144
98992
490945
882532
947382
41027
931859
452220
393643
693324
576986
833480
419545
463213
503685
107364
849496
585005
682745
28994
70794
872032
960692
517194
77119
582271
346657
603573
407924
768449
438642
774420
867441
445940
656952
331176
486967
588811
299748
880611
282135
393086
230443
218033
856300
250480
325397
222148
835485
524495
767494
422631
912879
244539
939825
989998
343162
802834
109923
751086
571284
64918
41858
955077
510858
698810
802605
514177
803973
618705
394788
86109
11792
141583
820494
384444
392064
662243
122944
743901
703090
406790
166533
615969
651329
106358
122320
510844
909193
748595
778282
996829
813513
820141
468258
324371
518951
787216
354901
322925
405921
266041
925386
934065
407625
262232
834861
799689
924475
957805
543590
627566
364596
226475
759887
532277
332834
398559
43121
758379
147155
821404
755208
477020
157897
739818
317744
676848
527034
672645
516125
932956
938686
441511
383373
346311
703743
218235
662352
144571
692392
722295
288489
573340
948770
48376
105618
797956
963288
665091
556335
626795
2847
827895
103815
160744
567714
937911
353945
94748
610556
870070
544056
549243
827934
927430
411906
48029
145665
590611
192600
838057
829258
481089
411398
778028
45818
33368
575985
9106
214811
648672
635901
734011
476568
256068
894755
44282
193980
765052
139030
320888
635123
199439
386483
979409
126869
798390
27438
788886
905353
220039
143295
734611
217480
554693
28991
263298
104413
121328
788756
835577
770001
941009
569588
246569
197078
980695
290851
907410
745748
946233
228298
897223
662024
614782
876632
788893
929524
420422
577779
351229
156813
721075
85840
374294
792120
631183
153944
412886
752512
942701
248463
522513
400062
334403
769082
113492
831450
576285
20902
577198
38870
765553
990773
700895
896687
383757
6140
826211
804180
100272
693792
960993
821347
779632
851639
129819
927167
5584
59057
679679
464637
823872
202192
864699
158275
971274
978192
989726
63911
515446
83276
619134
280999
590402
320029
177686
974159
326169
520249
294691
426441
214041
772037
764140
510025
623676
410312
437193
629260
469369
633224
610249
293242
835417
474949
967869
323043
969493
957595
386955
484939
557224
6089
282291
147626
842470
976329
638137
684991
12931
449181
627785
743324
221218
391925
769702
844894
318589
206895
990507
787959
840119
600756
597553
191888
592057
565422
514932
77902
39370
418239
79194
112946
940680
361485
260572
783150
337814
415061
984493
867097
864242
612278
610422
85460
520556
380124
446707
839145
103371
953566
143456
459842
70674
257361
651731
179084
822784
683015
256986
378506
101254
336180
491452
41934
697665
268376
341436
551832
199789
325929
935281
64032
454560
545703
665844
491468
925827
628903
330613
29198
582469
990422
489041
169496
247783
657124
348580
586919
340139
605566
965425
441393
458099
973229
999679
672116
241605
857467
740300
441395
183396
675582
21779
154308
221285
203975
645776
147113
832879
492742
692663
931700
483164
698056
101196
247299
355180
966128
834219
695319
88047
315996
136712
546146
289226
652743
218262
47183
510210
958563
4930
209959
634145
26709
364267
855430
747037
526396
518895
579916
19138
211559
27968
18654
909615
645517
265953
781148
611645
616524
476467
699692
932521
129532
245838
738099
782275
980453
785282
808838
939016
790213
18797
89513
333274
899416
461295
80311
425812
980191
176579
961302
708102
720900
979956
134069
366417
762262
915217
494414
378786
391685
194107
827659
37569
956297
565758
336196
453102
867393
145034
392118
173958
680183
997983
507232
579600
459279
103896
521764
439470
796827
999419
663924
517727
979375
797993
884144
257989
229563
378559
153128
137600
89018
980787
175169
561667
62898
511365
14770
446643
172752
923240
620601
852935
921224
644185
948887
380503
264433
470652
336325
61261
470071
249
578988
965798
314594
463133
740140
544157
358044
893268
681757
447062
390407
373278
8729
969657
400996
23499
416300
573748
946740
36901
426683
384316
197439
891923
764819
461872
362575
101144
523133
348998
617745
102122
831148
448691
81607
571288
992849
439651
980908
190958
403065
371316
80589
928146
340973
481585
951646
273626
55333
414738
826879
998368
799054
24318
890291
80225
2543
769218
697721
525676
634568
315466
144150
982069
280509
742109
553357
789710
698112
50618
497021
101177
421934
577610
29324
279259
59195
497322
552885
630880
428412
379765
145600
743818
920435
552244
824043
922978
321462
521764
965007
472383
353582
109157
454452
634091
851267
524161
423802
65731
574779
920823
166909
996713
14785
712585
792325
73980
726259
861562
221212
671023
241327
366812
414841
678115
919056
238884
601093
756871
277000
566100
229254
146934
191610
200058
781025
42877
724219
721179
624960
298999
158354
308221
812064
173139
20806
120741
763471
263417
982304
501035
934440
223631
384200
349281
901746
819608
104517
19192
576479
897869
585292
322085
44803
776902
522143
342181
336131
246363
579712
477444
61714
738067
785665
390130
427558
806472
510872
707382
586241
493176
724769
37034
716807
108969
902667
134906
928578
7185
670450
21409
421406
772094
343495
466210
65349
381990
808391
917832
144705
388103
395276
206419
642522
180942
112902
586433
503766
623774
810167
90007
116950
534936
127041
350109
643906
29709
1367
88836
553246
671817
110245
974652
443912
970092
957214
509261
352083
281957
427093
496788
186413
822370
219560
828935
3312
332462
931720
23430
472588
741887
113437
589538
276824
756831
939647
437082
302892
457367
525918
856138
129184
152515
347142
89448
122608
304357
598709
991043
102666
542155
487831
289079
880877
223743
118015
400541
72557
566087
423971
545145
307975
537408
651035
101151
810591
107035
538233
113483
564402
580503
485973
209938
733018
349468
299387
371978
170177
414448
363021
272843
956603
367205
561923
837480
590948
679938
754373
179858
762377
178344
241355
70352
232105
892391
687855
42696
999426
742440
672532
563828
322943
158505
773766
572314
24325
589505
944292
194502
3954
307314
467346
476909
674519
29269
830742
781819
225559
585115
961677
987936
763460
203033
574641
995565
95424
262496
554613
611202
4937
743497
691382
844232
418355
981500
416546
442680
571006
360839
637183
91312
668153
104529
568221
859024
133798
398963
640843
875709
500431
602521
863645
263891
321906
438286
775808
933682
217135
846773
544884
222072
590271
752618
66304
8626
734118
482851
451306
821476
360042
88489
912788
544547
709370
481010
403571
359520
396325
560766
235229
896756
679639
98875
676999
1545
53513
969159
451579
270648
815933
512815
492720
406204
265433
75377
931182
999552
74580
382488
821028
434622
987330
250169
979169
213052
731179
899092
572573
643856
459858
807802
56965
139498
906677
733964
657395
476543
219476
108975
747191
35409
138142
756264
957965
403576
831641
889147
919480
906221
787987
256860
857195
291669
507029
352716
504722
754560
251808
77295
914769
228018
885097
971734
883868
308127
222050
541264
301022
441526
166591
48213
993287
304733
320829
951252
224661
152470
356751
144141
575043
661091
401002
432238
952760
424383
301306
973834
178944
553114
51129
93713
297485
452579
581799
181353
277058
803849
722617
578080
245376
405560
142645
755015
710294
463475
706268
934955
132297
579371
595449
707341
240462
512803
655931
709575
937186
957238
683409
632482
26704
250891
726195
324189
703470
307994
505543
980528
628196
744512
74960
389924
150073
217605
144939
376719
197432
367559
828026
329730
946931
939827
37071
703745
452630
693002
413320
389817
166592
613082
22299
193297
863973
264847
517486
567443
572841
539381
64323
717389
283894
655635
107313
950319
873240
252253
843390
70673
619812
187768
916755
566743
127596
953826
786841
580226
163180
200161
970043
329773
329595
508695
523070
193568
773542
556908
277363
862735
96290
341686
580125
380184
997321
203790
846855
386914
456043
690245
973939
592208
878013
890694
675303
521961
360872
462144
102188
524052
178658
588583
370177
508253
97278
893247
701822
870820
966508
979185
249908
62798
837224
346385
442982
350897
550175
806189
737811
6219
496434
228102
598427
890799
635148
273730
412761
996020
252227
31301
36425
430885
619884
406602
939138
717163
816202
640960
104335
782710
136498
870595
845508
973722
216980
804842
324619
767156
611031
578783
289727
623817
806885
404506
30968
958386
678236
960081
954406
930463
991382
507183
361348
127619
913786
816839
844782
246340
457799
465469
29050
110649
336065
390910
84371
553045
195752
408991
836553
323135
987774
126280
463304
311011
530786
10624
269397
725375
487058
740156
172190
478440
247339
49891
606059
677477
866730
967193
923817
840881
949015
952867
951531
285080
343777
552254
354477
55881
961245
707383
895368
465371
833663
875024
292735
880802
885649
562132
122529
372707
302288
294719
367499
65980
860962
489911
743457
727692
457104
667275
84926
406119
136494
552809
207551
996624
105063
562029
52505
582661
785764
464226
48032
619427
339250
340767
16581
741251
419252
139110
113958
237892
950182
481458
303872
811144
971369
563682
55189
944825
230957
656467
867297
883803
209276
74848
880427
314339
153229
449285
413352
938993
429863
461385
74773
769113
318504
607706
510365
737756
263169
140675
975649
729703
138485
795873
540847
626206
359555
112388
571032
106864
285207
438329
507020
494483
29529
387447
325175
699111
353084
738527
638104
782947
716264
229229
552061
34769
836936
578778
288877
100105
719453
780878
346160
857939
576752
887007
484145
452659
515748
571529
559524
800955
526210
66544
811791
555740
970343
653318
254851
839780
908197
409307
622727
624462
638537
691140
175583
991825
786270
464460
608282
505724
245339
954442
880015
338443
357801
880512
791102
389901
452042
866978
190857
978252
449874
519000
50344
936570
172318
305195
776350
80515
230855
915429
221329
385744
606570
396912
377569
392840
377725
985851
414916
139416
456645
811283
477859
814446
691796
785313
204348
143838
652292
911557
638442
618518
430557
688787
555088
119227
510334
847790
199742
741189
763220
421072
643285
886142
334336
20854
795334
712061
523057
210251
851477
979702
537886
845688
310501
229682
631002
31201
373520
799646
942758
528315
934516
889667
217102
489605
8894
727436
853747
724988
984978
616967
662412
628263
503109
513101
165470
298444
225162
688527
25047
592992
184582
562933
438680
11435
308968
586034
42636
198840
902032
501746
727155
836549
391413
944257
842506
916659
188046
696253
641647
689376
313221
820412
833991
332682
333513
999461
631126
75027
204341
172525
668019
905275
251811
623052
916710
560779
209086
475698
759619
111119
977444
486775
947668
368857
431032
790174
285516
135430
2779
443515
824806
316000
780279
658798
648683
113792
174611
796161
188820
378952
485039
373191
800579
736850
996243
717289
297629
721682
192987
573600
349153
686783
60375
813173
55640
7760
119699
857508
143190
122478
817376
484349
438479
597655
659499
603514
227800
350462
916027
416620
729415
917418
306163
529994
654268
818759
763636
468249
540441
472975
41850
405946
159759
102225
219119
731751
626337
338818
105612
285880
977648
922988
286581
932479
36995
946080
535993
264795
296542
968373
197767
542309
885791
503931
588656
56412
839042
868644
524661
379483
341619
82863
301781
17730
701441
520900
265834
327778
376070
371446
613658
353718
810786
900239
286198
847781
362671
338543
112577
175566
306916
826696
717875
709060
330627
306531
765472
169669
691527
806485
65504
33147
889349
367285
567229
590790
404537
833063
434920
780607
720861
564931
134326
531647
465170
936876
379429
344194
275419
8358
519760
98688
835054
237635
807748
682034
60519
89572
368055
268398
412409
433560
301545
301758
317197
385127
408900
238087
218190
360173
18694
455404
925104
669372
987051
906626
606248
882832
250820
398020
891190
770580
496708
726245
524568
820808
924631
101439
910380
292686
369837
322789
726246
187735
140900
559796
572862
66152
797883
307404
426325
332929
762808
867781
518654
266212
774408
641254
149044
25228
39274
40235
795809
52334
282832
836729
873142
207463
938168
299874
500149
824357
139016
742748
12092
796268
818896
101306
862420
133131
408711
805098
466060
687871
672879
984714
954083
447287
142321
103128
988868
181595
659715
301029
750282
458899
137758
623424
182714
592278
439651
682863
416635
578667
941963
945080
891287
277211
46386
270059
410342
455097
75157
392755
659321
264389
377469
613404
228028
36142
232884
733248
734090
408951
34277
484372
867850
688387
624148
50564
280665
63799
249780
213653
158818
708095
158733
50105
985307
205119
320165
912001
176569
911674
304756
352242
692415
198578
965646
920444
234720
714883
653692
968810
123834
204322
453182
508037
892709
77331
74953
173375
657482
841085
903380
816301
549181
578465
382758
50840
783584
702923
962841
476505
130950
267598
828747
823365
466176
310746
260161
217248
541981
913854
186059
182167
118176
155593
690204
527237
749276
281510
216964
406759
122595
120344
739412
671776
698809
122170
238968
998746
825094
201810
991603
956044
985760
820351
295761
451936
647449
555923
185536
189430
986129
371595
887949
104305
527189
578154
147894
276465
376016
364859
199576
498611
485203
938988
686740
700365
61159
925708
699111
402605
643870
690714
875001
629630
27417
170762
597918
191218
726685
783455
897000
712814
671402
784950
333471
714943
879456
481366
991409
255472
846225
190985
754083
847780
646326
957175
548145
707485
399236
763608
110090
43106
970675
501443
189089
514444
672205
303359
705663
915243
603166
602663
628057
274569
903965
477881
989512
783421
475599
497273
555245
838176
204611
825681
685956
850937
782856
750454
74774
182092
30414
701216
741551
1089
202659
446992
515534
874864
750351
221197
790107
353518
340212
934517
144439
244178
928750
650303
543951
404349
147577
99197
758877
868540
924878
961185
719477
224086
711639
794251
922531
742054
495467
664082
259495
214478
111074
775029
89342
377777
512578
395802
247647
369143
846671
908438
129673
291773
558742
673624
696122
706319
289173
454999
91211
214051
932536
810688
954490
644176
121291
877021
902582
133110
541103
678429
347588
168529
453459
953282
62658
482389
865436
310306
851532
712107
218744
981205
3880
777486
654830
216354
157
460355
187705
91368
190759
120242
418408
145249
280770
56051
22270
699704
705513
79725
378133
569453
764606
831592
522736
827264
830334
388172
137570
681866
616632
872667
663072
136864
166505
834254
869571
166663
294609
57276
774383
485368
693870
709144
146969
974640
281547
169239
190696
987061
765316
568830
556514
529922
916774
595602
357187
747108
983775
11109
945327
116759
883776
608399
253623
50282
959005
123194
733297
769966
696823
24032
771687
390693
249528
918656
881686
531076
604248
72382
34489
369564
157564
591003
899487
74339
186606
773026
337799
686733
784135
283126
319844
184264
407877
573467
234546
366882
213014
484195
653201
909837
508227
424888
816882
274108
343544
214920
805184
464144
803655
839673
833709
961219
947028
249548
551910
649986
538926
406062
853071
323061
689188
172915
23677
613418
746383
774575
496652
475749
258770
149853
901938
283350
574741
718820
557458
434638
933741
878994
898782
253748
718667
248843
214967
182047
498391
283230
832034
37317
689292
685105
876731
894832
858021
416760
508250
120756
191336
4903
112857
450106
154756
14795
249808
729498
249967
807266
680488
700060
686260
579270
953808
921279
828114
168776
103327
842857
968358
935361
396527
657650
136818
273258
552482
511191
206370
577085
631947
397706
581988
744804
364165
736744
275951
613973
982594
525919
421240
179434
225979
623852
758705
179788
545132
586819
864916
164811
429676
349626
616524
342555
7276
753342
615813
76110
264534
822184
653195
412833
736242
235183
673990
100407
488280
466293
714381
987226
992212
651973
166661
734544
275825
441718
430684
337309
28537
295600
18472
974565
645226
634996
317121
168854
904691
449286
244964
685577
787822
414512
614762
40417
649695
288752
140824
654327
755046
855205
157906
263610
23530
324567
998154
815708
766285
428838
153017
311174
240790
687842
802091
402368
839190
635564
87574
743881
601203
848891
945810
905377
263403
560573
945794
913098
365677
86619
83778
637075
458176
241684
900686
481707
82603
415192
813767
365240
360383
966784
192766
117525
170978
994857
519894
10169
146774
123820
270402
264329
972711
216213
169706
236114
776786
631853
665565
142463
234824
749343
779539
209352
991027
196577
207411
73630
611769
21178
955222
972152
504315
147988
89678
675293
659197
125924
201814
322323
249744
472217
586652
222456
688430
272711
974922
981568
904564
640487
640383
655740
389830
419922
865092
897209
132851
588856
487191
744621
610034
442413
233125
114349
590401
839155
305995
249599
481431
507809
571922
731176
980026
674927
469984
184808
947638
444906
166376
368554
85394
806760
540646
991576
743034
405738
888786
875886
510946
375977
136859
120981
334743
886336
751682
925144
725492
57677
691095
206923
565487
779370
454451
61865
454297
440787
763026
918287
402046
929402
803193
3792
252514
343839
995368
511901
265929
400506
904139
776876
776484
557350
897857
111227
443686
649539
552723
685530
223569
243819
408806
789056
539541
863257
367273
993838
820397
130299
428477
222443
576054
231670
226235
344920
575509
221603
856821
357790
138462
277312
134666
914946
834662
548875
542525
794701
714767
611600
480231
938336
371771
405389
243744
911312
268647
611017
421502
605396
741317
849979
827839
317371
598001
54074
178643
689862
792029
35465
47653
930491
829129
698671
361789
180144
247547
420666
491197
478666
548619
487780
417002
920390
893170
660746
831703
678169
271763
769557
283565
529432
135889
111404
363155
733890
681830
541799
940105
990211
93616
987758
437055
922745
202781
315196
619241
966680
252215
110438
445346
800834
598219
862348
721224
491389
39446
69279
169558
827562
838837
969475
873346
974726
597231
236502
224968
279061
778301
165073
785624
388269
669183
222679
827366
871965
54228
446608
354997
306443
73398
800344
107277
671617
179044
828501
679358
734843
414133
365268
562405
252970
851095
435751
744048
448326
188605
485368
727387
483258
166794
29364
871527
835977
252043
698894
224294
306271
661854
579292
129066
735252
895988
236343
923222
75032
581197
118932
809875
995330
484201
888632
764652
851648
840736
25052
299975
29341
510420
27362
512600
677214
573078
900479
29544
825122
599373
770190
647745
777579
865834
776812
512832
761822
529507
952406
353207
110704
71338
679434
622386
71891
568067
387038
923540
925155
412090
223515
954496
922511
767229
983448
116077
340308
883928
145621
681782
999653
915812
845879
777233
781646
139043
806417
543469
668551
275175
413028
295607
862865
92462
917994
934757
176881
305032
374649
102036
717123
114516
572885
155986
398097
556333
272063
254757
956613
934037
452891
472619
849849
298771
249852
147847
954166
572621
207668
139069
847796
620696
434677
710661
713159
352671
161770
406392
174055
52771
508429
407530
167287
597666
563516
565385
153999
351932
336494
626965
285969
789386
99584
652170
604509
865788
800017
558675
438409
7686
697745
802557
628382
648774
29570
857893
1445
191341
264286
691852
244112
289067
99383
927752
886733
179251
9489
557084
531183
345983
184049
333504
651721
283633
985674
256230
665773
785692
331258
104182
793378
545355
423091
938112
194129
452662
796006
711926
160355
60292
403778
920819
349359
19513
848571
752444
198765
374412
309528
246300
720396
493578
579805
888469
293563
565479
144700
959337
867523
475958
579871
177253
537665
519315
115366
731794
971977
911372
443720
132332
488016
363850
569503
353727
383364
418075
106171
98481
792487
415699
344781
29235
425629
924586
917705
235545
6418
578757
711234
390293
571067
807457
567547
108732
326772
682913
840526
298749
110637
800598
947433
598653
680800
516937
952380
64164
451364
574903
162645
760203
990602
23779
305791
932584
464717
223496
168129
471135
318605
879363
377781
889672
203172
945328
514756
529945
628241
871634
345046
255230
188584
808832
853883
869384
842121
322615
933549
293485
897518
612546
570040
404472
636325
875831
853408
101043
615679
21537
88530
934284
417252
466311
340308
620425
927991
855064
150370
72584
726698
11768
327814
915282
820600
181697
301019
662721
20664
750920
956206
434534
363466
42599
839007
516144
918430
692415
133539
534110
230305
738421
984746
163909
721085
325055
300686
649076
696471
967408
721661
423170
979177
49475
854804
799777
747525
155823
462499
284541
906743
935057
719076
786562
977656
558083
819058
412439
766850
468949
946549
513507
723722
447647
677417
444807
772702
978103
610236
469174
945512
848249
408696
441041
897724
779852
240818
161601
452028
219669
446143
875123
154727
681571
178037
648735
239654
997095
61174
522856
982396
524075
36364
706119
971723
230133
150926
744425
208236
277514
729951
670100
125763
138647
111141
539840
434852
868312
701441
886880
87981
663936
762003
242708
345507
940041
407796
101513
453488
468970
140722
435885
993046
177086
658356
964769
407219
809282
225546
131807
603149
955498
318260
728912
94145
429401
268752
45349
297713
486546
932229
902047
666834
210585
144755
12342
150626
552551
630207
120466
537874
770929
72703
530920
464367
731059
495689
387938
56694
721235
36098
659843
193085
354358
388755
803583
300111
657508
848932
114177
144054
781162
16224
810888
991747
677331
339582
658725
746235
486142
295543
284109
773423
368247
815029
754143
99306
827070
658433
156000
64657
694531
332195
257743
48889
720951
577678
865353
894811
426610
979530
555217
724124
995754
366105
715871
673085
222040
890948
419320
224534
186492
219781
514309
71091
551162
268452
170397
378232
926886
842750
959242
621417
174945
733337
186659
895896
311015
568364
790707
737625
547894
862276
978102
60000
228382
210325
249437
966774
101274
185110
707660
804118
404891
221969
875209
956054
490422
561958
850638
933660
404708
326232
71429
579654
59569
774440
991902
886936
342804
298962
140914
407050
161238
119016
467050
905972
329341
716488
389098
946967
417950
96758
751085
822841
318728
142646
295247
325502
220957
145886
259162
625665
472118
330591
721671
48040
105032
229926
934976
964188
45240
75890
371239
722830
711258
354641
628803
40600
587481
534253
987567
5431
147364
255005
344625
982444
914003
639872
307946
134960
302110
83460
276978
290581
930403
998649
338621
551787
744927
789949
515976
790167
382192
887215
512998
93450
241856
658153
650402
829338
708758
154322
351121
856122
925679
695746
838566
839682
335619
146512
490995
637729
746324
767973
444662
676728
282974
783283
228515
544254
89585
744491
334421
471777
148058
363771
81579
906267
538276
731982
251957
247035
886304
603078
103157
811983
298825
941724
168017
150796
604588
659012
304877
867265
426985
749540
543993
226312
49175
772508
770566
138760
33352
621339
610537
181410
985111
692117
604029
39739
940451
855986
286774
826755
975417
389932
155090
274242
848008
323107
941390
968948
982120
246267
836213
925457
995807
380206
668121
44983
669067
438687
700095
702419
576379
310633
400181
561490
519102
4211
117581
459553
376549
404356
802660
351966
310640
957750
142560
158648
280857
83950
643948
779329
846570
996514
221139
842377
893072
889260
403712
562139
844300
103808
780910
420679
930793
697444
498521
966247
218007
616102
942152
594556
20458
744812
462875
847450
218914
605435
6098
499771
205738
166399
795453
52308
162913
16592
894685
55985
422204
814750
134477
266504
434910
915387
203535
882055
612831
702056
364654
830838
834511
306806
941747
371321
51618
404622
218772
270532
526409
741222
286655
732147
907621
598460
784455
70534
131404
195493
642872
553609
526595
777349
336465
961505
692736
540001
359912
821920
758409
724566
169110
592920
31372
627209
480594
599342
548183
699366
386226
74593
440588
189233
806740
348210
787694
591196
935096
435450
303041
94320
989059
829636
871669
325525
307493
80758
381878
667405
419030
140287
908323
588140
249560
456047
731702
730154
571741
279885
429520
957967
354478
386460
663552
161219
251022
967598
268767
186119
403049
571808
796791
908460
917796
668461
233985
225289
265571
132215
892694
684601
272503
317369
789093
38415
773416
520795
284921
345157
800681
714441
819476
155159
617253
483028
832730
868276
966979
617849
570747
370028
706009
367538
278488
623805
35999
28826
849094
301570
161041
258140
986171
949896
575509
291617
504663
865277
812412
789584
210434
129445
20377
29910
800957
637631
29291
633687
505907
996270
767889
76654
882650
473898
444192
161138
614056
996544
706316
979502
814466
867358
237643
316990
333606
329504
608607
838270
194782
421019
627854
921568
66817
648232
467831
867774
285863
497122
17813
308122
9744
785702
901128
892394
775953
861672
53532
390009
858216
276201
885863
189035
143559
123506
506025
477165
969363
114632
831787
680497
52003
459642
602065
118820
107874
69896
986594
910089
83370
4408
734563
93114
306462
635691
985508
82415
497363
555393
988776
871932
831594
390992
60967
491505
30850
566992
485022
213
197976
316810
680710
766331
776452
799128
885152
400678
385376
388098
827119
468747
908858
561682
561861
731673
197373
547370
330440
694736
102763
319217
566668
450709
226561
627635
942214
257411
710979
427236
257625
908955
744046
454687
675287
36850
770167
76791
437528
155544
981241
264647
624291
406452
826329
186152
138125
23702
733522
468565
234791
352637
304134
317811
803346
530695
945447
745560
788107
172778
172797
562084
81734
433195
16771
273373
470046
786939
866516
423926
942483
364109
688574
566774
770561
31255
269278
908686
571310
2801
893604
322453
871790
714090
640264
675137
244786
102063
420697
549245
274842
109846
111329
872928
59394
644452
146301
45792
947743
529169
469718
406578
893278
674644
489704
663840
222252
758983
88878
793562
761784
498834
116015
633574
212925
272631
825063
974063
374695
762113
523308
649537
388311
150989
522465
447705
795441
185118
493497
743185
714287
479568
149763
123917
154212
639468
304109
892816
398451
909340
202730
676587
408174
318745
826513
137451
591377
167929
111514
482424
930042
151174
131961
318353
302163
170778
282411
97605
355896
775908
357142
586535
771828
506905
710452
442393
662725
14562
335209
577528
923902
537940
770467
848428
373037
596981
502232
480766
764910
613746
963190
211304
764921
611503
529657
583436
782281
812068
681041
138177
104329
38183
241064
876157
61441
951517
834902
240518
482431
170112
818047
922685
224404
588514
771113
113793
701847
273345
594560
983109
403444
74102
194413
684717
685606
724071
268153
467887
52491
465547
122417
156820
20082
363481
549330
81523
831350
900584
322042
313781
587048
656441
236466
811452
244955
523932
925246
463155
313629
36158
446264
233425
110260
640678
918142
795866
881101
702648
780106
933592
168195
902523
606765
188277
782356
672447
786153
613707
573031
108195
927488
160080
280988
680307
487884
42295
204239
929482
505450
34220
965640
951715
267646
75901
592393
185788
388119
473494
888436
168225
923438
572983
587100
530203
761261
369457
202650
547414
499516
292034
171961
427004
968466
452949
623663
456350
495244
344254
385833
695
378475
351473
952410
646121
943726
61155
348261
331846
51001
753050
16423
974439
326033
603524
504643
87294
972981
223645
151060
988849
515679
323021
415853
484145
292322
39517
940496
787567
383771
842681
304614
278598
710506
773376
924719
654233
834531
789333
986079
401884
542383
2502
376323
868416
122378
880966
955711
611711
620964
623123
600560
136643
946145
532766
137141
238467
572283
77637
542386
472406
436670
847000
267357
147176
136728
192076
801409
971259
981409
303840
373143
40144
822695
265819
908561
945073
146785
380624
556785
767749
3747
157345
420745
466244
206463
557886
704712
778746
151875
763450
767505
588545
610451
551214
252073
747179
743290
569835
234791
241052
873675
124286
797548
212722
390105
706109
157796
53243
603085
230933
337344
606833
904630
274441
73077
111094
832327
294141
406192
500554
57592
690049
605451
184395
241263
857525
931574
500906
427360
682717
258310
817387
323356
55858
30110
713461
761968
704258
283056
365053
935191
136753
488238
839821
411194
77668
467267
759874
371809
873460
260428
945753
563509
382232
130148
321125
239757
578075
822031
183469
260792
80341
856
584148
652551
547318
813962
414519
251576
613370
295925
186767
750123
300515
542941
677670
378183
10208
437544
266345
400020
214324
212098
479882
596556
342247
801007
352665
920322
139390
52486
697466
736083
53343
281615
388634
600661
611929
319506
852238
225299
131783
555357
491775
432298
98298
685797
810482
624859
639693
76827
24879
854017
288925
21113
966926
147524
822120
835943
67846
961510
888430
765313
213945
458125
563280
602580
575138
175209
922086
943728
916860
53869
499086
924987
486167
113736
610784
813001
738595
250477
406180
279827
620847
211458
300940
104125
358982
639413
940068
426829
117275
344850
708494
331221
802975
271774
933801
378114
963335
372239
321842
396547
426108
337280
321535
428627
451017
932319
757981
705964
182797
164161
502143
319996
375619
319436
424121
250954
475201
364189
194135
592476
709040
902629
440049
512015
690755
890202
406481
654090
262441
244676
50637
204901
581956
372172
633529
549325
820844
907862
255290
519993
72023
273785
839989
963995
593221
264110
731301
68422
144651
925436
177251
370043
344417
617300
398411
35172
23855
804892
205614
286296
49568
256251
7550
147877
144776
157431
697202
481972
65293
468844
1965
137316
742630
358306
617663
852203
138768
348964
436978
283419
790752
614229
169815
135169
747881
568226
170341
288088
373118
375955
90737
939039
148559
98287
86916
293335
255718
300470
291659
321011
769315
293624
974679
28297
168282
108695
880500
307050
457659
833830
106821
248412
448059
276636
383581
712293
844862
70275
381
734333
446230
91118
189724
594789
705757
276640
404476
961475
93462
696135
798838
379129
506111
773518
407426
674393
882213
804279
497795
856224
638109
120969
620988
602521
397605
520922
314814
758820
591197
831547
493153
553779
439018
682877
148569
144775
475869
69397
622603
85683
281885
421441
464813
304348
711311
872239
495094
109876
676518
992889
966101
314628
113858
103441
917149
27816
624363
748315
786636
215560
96214
796141
769340
535232
995370
434261
196360
987591
20010
818963
73274
301895
240404
538087
606244
951716
926679
101338
61592
603197
610579
544045
434177
240790
647487
867678
268606
271850
132345
571594
3763
228560
884087
289455
280144
879457
240068
476504
867048
260078
295467
456674
78326
52224
994762
200922
520292
921441
818612
581884
40990
429191
642282
991520
186333
289769
859198
454939
77971
991544
542885
598086
736456
426972
887541
16600
822781
127609
493105
206181
387688
304924
662856
982366
357148
657618
183288
877440
95411
1900
975677
652753
947443
617959
644273
133777
424080
503472
588716
502051
11368
647954
100138
264176
591278
504031
280776
414060
631641
290233
620241
535681
595158
283097
34399
952306
457067
217687
346099
68830
735939
321776
721584
683382
456087
365857
817159
880167
385681
922228
898570
913401
570182
515060
177577
161460
19092
974706
91872
167085
781291
228466
219118
376449
27915
253517
845108
484983
471204
191207
70165
723495
29335
791749
406877
485422
673959
224037
365589
575992
146265
780511
5746
232799
295572
699675
394259
314664
674381
2484
998101
455673
230950
217219
348474
258865
470736
193582
260200
458292
901141
330366
181787
446828
638467
105016
932250
312426
329053
814191
404771
475318
594703
410517
708117
890275
110192
618729
721291
300926
621213
719392
272951
368515
452963
621425
627380
440051
331360
887581
414695
748853
734299
112834
195682
372766
217850
127932
201545
546904
458476
606316
538574
53179
533185
763044
459806
159729
381773
181097
460655
519338
416841
249958
887853
869804
871384
31585
309855
719096
435518
724550
467949
169817
837384
179983
542584
55234
824268
260481
602138
282744
383149
657065
852275
916334
420109
312081
592415
801882
493178
53071
837572
910019
303029
241777
296175
690765
273362
606030
926213
225233
330580
910515
395050
167964
90498
453986
739550
431118
714467
858041
713862
97616
515106
82489
530302
935215
394570
122718
253449
404100
692141
91021
830471
511522
849150
126646
718640
122512
732676
644853
864097
579608
555368
259148
263924
162219
713134
3475
109689
943954
861516
823552
557922
376622
422393
88225
828189
816964
727295
81638
737416
419436
689011
567888
447310
538161
694534
165950
177025
943563
810804
41123
523171
882524
300271
787096
561095
529757
790571
670785
473711
168439
10689
31634
545061
433082
636211
373250
766398
879858
971240
503815
299294
660251
71703
262956
198412
282589
428907
375437
226152
756063
416560
749324
154939
233183
536420
716035
762941
843343
386820
753004
11782
913861
784638
73195
346943
937201
446445
629694
817059
934037
133509
632705
594288
721564
895662
309052
520505
324569
684489
746658
596984
617402
495982
751923
850585
548754
467958
129878
392097
371130
882883
920231
284991
667521
993426
148287
121075
956223
294333
938134
890260
427842
570840
484548
665758
982854
309952
186263
823775
994441
449273
420759
611843
461607
172682
978781
10361
156993
108659
918810
528123
991542
839041
329467
175416
832467
994106
812843
788690
288439
750977
195302
232633
838169
196202
898391
337375
506154
601006
161150
500596
50280
581909
628791
511887
754592
123924
38601
911585
232584
957411
956060
740478
312805
285527
432246
661624
795985
245089
450315
84424
512419
161969
317057
866940
358172
731800
204316
864326
849159
365466
881274
415791
947376
510066
927678
218320
150342
482631
646257
899278
956395
602317
639757
269200
404197
588355
930824
200182
833445
897491
800959
862216
59461
634368
729156
933985
882521
933472
798311
731680
298939
679586
147471
762667
706004
591501
497339
856346
590485
143596
755625
546880
262265
911734
332432
182814
500089
263256
899349
849886
677100
216660
712102
252913
851028
957611
186898
733549
891083
501561
465229
706374
181147
129052
985393
403503
236906
482732
259850
827391
142680
531827
374271
921298
443561
706703
620464
460002
486311
519813
309889
679763
252825
538343
449028
103854
495954
635926
837403
903390
137488
818985
609764
834987
948037
111510
238491
184943
594242
14693
528686
253275
546520
902957
174573
506433
126012
311389
966435
612324
347555
792676
808439
600380
331020
257468
704234
343326
893394
57990
246716
547234
876975
372833
898574
341364
484343
653417
42660
78585
668110
571346
848212
730982
990656
539137
753767
116668
850527
720202
245344
198082
29231
53784
798462
360251
311252
19049
219929
720998
77039
466646
784585
470366
839479
683159
811730
323822
336576
854390
918759
521038
942089
766972
252020
932745
306109
5787
565765
672988
242341
811110
871070
271572
864894
185885
148175
692498
204934
368105
929848
798325
351103
714433
268691
190582
913944
80421
514404
250520
451164
433163
287910
909605
716487
56282
358702
538949
578421
924467
211937
820763
251929
599360
608687
633175
785245
273215
325673
506531
157672
255522
304856
508775
486307
573547
699357
400252
170320
730113
650772
137836
679628
455035
47441
912468
511317
406143
451417
89739
330611
663354
426854
582540
262714
551893
215716
564311
825108
57741
70842
499132
829615
892050
7907
315923
465597
223616
716175
152270
470081
883299
290106
666062
338334
337548
578530
366004
260043
29947
455743
107006
209653
882597
205899
988720
950842
937967
69383
775951
995708
140226
791435
341676
548628
315695
657599
530578
539311
890126
682848
525745
773425
489306
191807
628112
826854
770337
994116
603250
316636
966211
710256
42641
848808
916155
547713
316002
854122
617097
91953
366183
273675
399741
707859
822303
715436
881810
352881
771099
771936
552081
296844
545361
41388
488651
689825
384594
775340
683941
987844
608328
650152
698101
167322
15312
130608
715035
331315
984731
332132
939620
867266
605807
855713
575125
944463
571149
456935
297344
342249
745223
365778
639093
290584
407166
644097
496762
308112
935789
697055
295957
60470
863560
510410
227792
395224
641018
942827
726539
142101
791312
182512
9367
397119
38225
100844
857934
125727
74131
155279
467976
819354
37409
623421
626291
960927
267518
123053
269039
719660
336460
81348
296482
200020
591758
524274
595245
749129
983453
838136
891230
774765
20648
416950
688237
575226
34146
546171
700953
108278
217802
685281
443984
771563
308702
70275
732490
92573
709680
517882
812233
46141
599230
108715
246161
190989
149341
357758
456470
649146
195895
864052
940264
732895
281002
628501
824473
831501
691024
525426
939779
425179
210707
900115
196742
35762
970391
445585
128335
196423
963467
456920
758916
562697
81987
521430
270038
231328
879188
726508
396826
75083
590561
337090
324331
387915
481943
148804
219416
172968
674231
675547
114499
401290
575663
827593
437052
62406
273178
81739
775181
236645
538659
534098
315695
620646
55528
585733
368326
451068
828594
765153
42504
935507
102243
366835
839774
584187
515639
59191
273507
706222
251090
904358
623865
826753
731951
577269
405511
5130
659009
180693
758127
197668
714791
590174
334667
286671
692260
702993
254091
520854
468146
296595
972713
86742
663430
812487
187281
695422
871678
460788
401644
639121
365146
25509
465874
613449
602779
387738
618579
261788
568431
893059
975808
799574
483233
310475
602597
175493
529821
856688
212699
514319
153284
185412
601061
333066
997900
788342
28488
385930
765482
430133
25051
130628
971994
7278
744078
91125
395016
879009
869265
479799
288420
845074
279373
288006
671901
881970
979851
201722
255010
708903
716042
408294
410667
833455
741361
924919
138150
769849
310850
903632
716334
852253
550613
688329
375883
811043
295806
287251
206404
165072
767050
494825
10146
562775
299183
198399
961097
795386
400122
216108
504289
632516
140754
914957
982323
882115
839876
120473
168317
667078
24106
401003
35684
91071
605684
927919
902114
901491
215171
108518
66563
498573
119695
593061
61349
935230
791460
538798
730617
707934
754906
751258
340450
412013
182567
839126
294128
22444
959599
978797
205874
500057
896153
757910
591128
501837
685830
493242
919680
417353
118113
986243
915926
754160
579304
493627
689391
887117
32426
936360
595051
303684
687618
451854
715697
870186
290980
526178
408982
250579
21327
131208
266989
917480
889119
858117
935670
574949
867712
855350
992302
985825
357946
424580
739985
937250
918208
945728
824367
466986
882088
935771
287022
86059
387625
519072
472597
678605
45250
881579
445536
582929
529139
712525
500410
418258
86995
952432
509559
954707
807782
18213
456884
165728
959146
713221
619331
877354
658950
960050
860692
57390
895821
664066
659801
799798
183138
132398
994755
228388
530329
440292
327670
59469
669169
828080
994079
272516
296864
503639
227223
620998
38204
684107
786727
997350
397329
922410
391056
572631
398812
251748
146373
294634
432167
806175
610784
615305
454925
605540
360046
985255
562184
687716
561076
747705
32148
555155
20222
329012
575146
247445
950010
613351
447905
253089
610701
361586
175499
1758
450569
574312
769858
596942
385298
202025
919469
996082
817331
374395
117974
177377
359650
680158
865093
920726
427864
897241
992233
964438
742605
567380
211883
692615
180731
176140
945705
791432
537726
637556
309542
988295
728220
595753
585238
629870
797778
504707
142305
131461
395454
260279
825190
755104
456790
206635
192182
401006
620228
184416
365444
362833
268148
577327
571801
448879
753468
33858
756663
807546
671414
582558
795842
915987
178311
897432
545857
492441
918491
688162
623903
313946
948442
965445
585402
921584
172081
777585
322590
308661
478353
688034
187847
262853
265361
759648
711732
535181
793506
984747
342728
981272
567305
654922
897259
745616
552354
443117
238058
470845
647631
378313
784791
112425
860110
370194
34009
548543
664131
356599
857205
658836
560985
45052
921689
826347
804700
149773
877880
114558
134520
736960
95830
701826
391882
509442
963794
944236
468911
718204
931434
116542
612869
716225
745320
472980
602771
779329
21523
783254
652281
878728
442090
213266
440132
363779
555965
244832
513552
950198
875742
164425
687158
971573
866251
595393
997367
346397
55981
466278
64602
987415
99172
677471
219993
844492
150451
822764
140174
171975
122371
792455
567055
564461
522073
7188
444593
78039
768372
474497
544589
644115
638922
231747
132040
505173
343492
129407
367923
399474
595685
432525
386889
211209
109996
606882
55702
776800
945999
195876
465127
584722
988331
32182
149183
26756
555722
593776
621147
324095
584626
165736
484562
223548
913836
616602
245074
257328
746009
612997
656802
858046
45522
560044
69255
671870
683278
641309
448670
145629
837185
430149
730351
341868
978684
879535
368625
534406
989663
989772
858501
574289
671861
343063
797838
585697
476017
559264
843025
738378
172261
16180
112776
734135
576224
698384
406005
259502
339693
371028
405132
176879
801177
135483
35099
779861
531370
920076
830620
521034
426201
689121
611675
98062
548537
925865
683759
540906
485129
43136
279285
173742
575668
392061
907877
151892
90445
830235
927747
430139
201263
332879
123370
518792
984714
158469
815006
516085
594898
645626
553471
21099
851099
165146
119161
915988
607364
319272
456895
608845
878760
736180
782588
454429
644593
690465
122673
735039
520700
50420
681530
238315
383299
804900
757108
884366
479721
88466
400451
74619
250444
470274
95718
101543
635420
731231
533884
759136
566855
990779
367982
445616
243311
150570
900045
887904
357387
22718
622943
878088
73139
304473
632755
972790
625725
906215
857156
621799
994681
773959
212770
245125
244233
824841
863021
396006
556072
396905
155142
122928
904036
39476
84896
147347
190046
984941
35251
547434
524011
174547
941874
113502
995372
574629
602645
137450
480845
976153
759249
991878
750113
488371
237004
994346
313212
616377
906704
385637
529634
578199
24917
433670
617675
109813
97369
807722
611106
132620
871508
651469
823519
813382
764972
818892
904363
883969
956342
385208
860122
231943
377087
610235
720314
130443
120934
33527
263172
543990
935516
792806
122189
960433
226476
739865
586598
323845
547587
714056
972817
935447
365525
796337
748829
646849
615229
653192
530818
87923
554753
390941
319866
448192
517528
40180
578635
154814
590059
841807
698805
525575
150965
820994
2360
893793
560859
588958
217638
624798
303014
706807
560245
184892
19496
825426
831741
634725
994971
878912
239000
549724
786205
558866
514268
303733
599047
609255
974900
705458
451062
673705
231034
118379
494699
233394
12172
571911
338705
746162
713061
641719
452969
273307
342963
472466
615085
174705
623543
610056
569969
862544
676132
356174
937762
706752
176259
53161
316007
151159
758620
283421
824864
506006
401800
835916
739400
413972
924179
594457
160134
637240
752529
129456
426899
95492
118274
41985
786549
741817
168393
356518
120713
360878
712692
574828
67630
888952
627989
383638
40111
902961
183411
381328
408967
585212
217244
664720
515536
657775
259177
675671
295015
11706
321479
721915
107199
439753
280252
893748
697922
964997
250267
334988
325875
962959
909816
909858
368263
54157
809848
408375
957119
993259
306055
366086
578471
523299
547158
94008
697426
806336
286031
992441
818042
607510
230708
925241
47263
27312
818990
261537
992310
585609
596525
834537
64920
506341
744395
433184
560499
554243
357911
33970
547503
663966
916408
642326
703617
463567
736334
401043
269903
538717
393484
604297
146227
140545
529539
709842
167857
864881
971380
160167
966842
567905
994705
31762
590599
255452
464946
667450
809696
822857
217772
873551
486823
134180
515877
190440
114099
768564
107835
900354
307281
501320
504652
969861
158217
550543
196055
326074
415424
167435
2594
898618
251693
513651
930380
358644
285455
911679
26094
95151
734536
243866
485054
737712
894398
932
444504
8498
285848
552340
908852
109481
570012
929856
595694
728229
480399
791750
570655
412175
475537
89601
310793
243582
119604
757526
602226
405060
669205
144672
16563
920093
388538
501618
657805
799289
18902
618662
807787
821102
171002
232991
930583
257366
162848
526278
501947
159599
834380
72602
571775
309917
678556
398920
69852
798160
156446
672078
719572
825651
816751
252488
745745
721641
754106
919902
520930
289360
538564
845069
110462
225918
594413
557397
999636
273613
600027
501583
433212
434407
90538
521339
260677
285446
920260
330529
599958
76706
518959
319531
418710
335710
572019
680807
573704
842477
600709
94634
131837
655626
456056
758651
397896
50469
832400
397533
324082
432428
415468
757294
383187
22358
278634
643864
307804
715246
490745
907763
308304
9705
743646
727014
861767
315665
407821
435471
674494
524883
46458
322683
180509
502514
81334
94757
552983
430086
8642
393417
862514
424111
150711
245702
446469
945697
405918
754274
177295
413016
178389
485600
939073
922035
212614
800840
237700
136788
752664
428546
661671
315474
751229
358532
334340
348915
453289
403675
779001
461932
797092
641516
402395
464155
403570
365216
926205
325840
119490
103500
255208
814231
589100
194281
736266
318067
511474
490318
454855
780490
918864
116526
95964
670093
991410
946656
19008
444699
350331
798010
422983
663775
955878
341730
127930
875800
706947
570487
717992
342789
673988
973201
157021
779440
683834
893287
97507
195308
383606
68714
492150
302470
701592
104466
488916
693002
51122
507924
654054
917805
822286
77037
581580
294516
418768
225863
686668
642067
796350
921013
984856
986690
410566
141877
766131
94400
551517
379990
806061
935123
448705
814563
753945
150297
919030
759213
843300
970152
267138
497354
404310
605776
90743
985890
416645
25863
728105
619665
667930
40808
57030
652787
27498
467596
311016
309981
78349
862533
689972
400762
314008
138677
215325
584306
288974
134355
343519
132274
620860
127009
145980
25170
249138
236724
527412
665783
778939
771870
801800
446870
812678
858831
616009
840176
326427
927025
150158
921128
305911
840130
321890
619919
495159
537216
204225
784133
187923
547745
432760
325135
674754
95092
350305
440244
331816
394070
106027
110756
165940
424180
73978
978618
283011
689987
335146
125790
617012
485304
46919
439275
841786
885161
59195
336945
938729
779772
637431
126653
843869
70191
451788
34976
165283
318446
475220
13452
228868
97600
640560
911160
521780
714538
889778
321143
920877
741276
446933
54241
742933
10204
493517
584719
895366
552712
438017
834095
848836
591800
477100
692706
661991
928889
727682
343626
763687
202902
873430
992555
816854
30342
903715
338634
261232
309845
659777
182109
567473
623063
236351
310406
149619
729868
411478
44985
798932
849495
395433
164120
957647
388885
856826
135990
834126
100860
479616
597813
303763
869399
106720
120617
416093
526787
975604
677326
352984
151733
859435
920458
774796
612138
230864
924416
858358
642342
485753
173642
8189
397538
337763
965836
786424
194589
618178
136902
295450
97795
734716
115565
483546
357788
752534
899639
884576
244490
576965
753912
396224
952753
674370
687372
81243
421587
128140
939602
63929
130246
113244
588471
527784
967359
70659
830560
161949
688838
967463
973751
302985
218531
605668
302883
92671
358202
718874
977247
119045
295840
731160
515269
764945
921882
202641
846188
343469
330782
302142
923751
461028
931739
28574
505164
899098
615585
852077
577399
304423
335892
67502
123760
554423
673170
942995
647094
547725
661870
140694
666770
957710
388206
698391
239007
310088
417384
601547
169910
264518
420042
93661
725546
351781
122235
747063
767231
737820
599140
860983
558596
935032
928485
198708
5807
118008
141704
169253
182085
803574
309947
365207
277636
214505
63598
516643
40946
480982
634542
210856
745501
54584
820869
987399
922717
459456
250814
206301
713628
849954
67284
272224
301338
512121
987285
823497
630129
128989
992751
328566
932563
819050
693773
726551
549908
273723
759546
590854
271058
394088
318062
532911
965025
655283
520310
887742
114739
771125
610395
828367
137431
677679
616944
955122
189801
604229
294971
336282
249570
804074
664849
182133
139477
874974
425036
689385
148698
184582
796591
419756
95022
631005
952667
60047
286288
989329
464142
401027
276806
74537
745746
930590
268569
362690
402064
458370
483271
697035
311004
732841
501110
492205
431326
640587
883532
856362
846324
32230
40944
159267
968338
135967
790272
921005
712366
76560
426686
176508
993939
703493
767398
739685
150435
35967
618728
552499
10689
101999
249534
838045
351193
266996
330251
782519
423935
213783
155234
786611
762365
712530
945878
730703
848497
736150
168060
77216
329062
594746
770076
323001
814591
537474
579039
965026
573441
714119
517525
584130
332470
283412
938528
683663
66760
268779
982535
490696
998914
137769
277307
277631
850299
739538
524686
215149
475688
692746
292365
804751
803844
62441
644104
134788
116268
739495
99814
689709
453614
133692
790192
786085
933456
728720
469748
216
513851
452283
7264
29117
106404
800924
306748
956704
540462
831434
688205
532502
40532
980570
853605
844376
559363
497710
495516
675631
237205
111683
881693
690820
761727
188237
993257
695183
916957
463005
211751
947160
431641
735368
976277
54397
536292
799377
527453
593106
630811
215658
125608
671343
712580
979214
32071
271944
993276
527588
463927
230481
639271
861972
437653
400998
50209
430910
612533
967166
410268
824284
430678
358261
559652
406955
929010
612296
206332
456464
205402
353495
672122
847363
541190
384703
342929
573262
172999
336205
617202
153278
83038
256473
15251
37044
173823
65460
467954
786356
548979
394574
126992
979657
269187
202997
902965
198198
331645
625649
654662
53400
495497
843136
900763
36687
744191
760044
609949
433542
96249
227151
586821
695639
999976
118424
732683
690151
183884
200638
992859
249215
111564
119852
745225
380752
839201
164542
95302
170846
790191
749964
224246
802040
593100
641361
838728
337292
401405
965029
770834
14006
708533
874007
709646
708509
992431
442329
915013
692668
159319
907872
941883
270884
544076
687108
167988
383277
851650
263290
70476
158194
529606
811074
960234
122706
452436
798962
976350
370193
280344
263537
384200
988877
137544
610198
213738
646328
52527
128751
338996
211847
36624
280879
999083
97052
484340
683423
996682
335990
946713
67158
494184
476319
878232
970771
115377
847020
286085
608080
733566
566429
387969
634118
555306
525513
244316
769045
688193
296843
897796
27189
25042
450772
308069
24125
547825
308761
223900
544507
644751
170613
128017
655288
163284
522601
626059
795014
885974
428496
403094
619540
994926
791063
253658
550232
832928
497974
835629
521122
311169
249778
64663
336212
700550
889084
876689
764727
197845
100590
825586
842597
787555
953603
14237
950840
992557
156648
262206
878531
585144
181652
498071
96422
489067
268081
646655
321995
766055
998636
359469
77224
248414
940485
929788
465317
829569
806478
746396
27415
907068
571983
386364
694623
41938
916953
161815
34495
73601
424021
913026
175097
605673
927449
271520
611092
195530
434527
933088
961585
433163
808909
555162
197930
749394
484950
663247
95316
807780
409643
122731
231200
497978
25447
442176
539917
942400
603991
90764
532353
544365
520143
707450
666390
447592
495322
277483
643123
929849
726923
121060
879365
52184
192574
77295
317931
193877
256894
413247
1657
182889
52330
749210
680868
594129
191386
737137
536529
311729
344253
585234
372446
864396
809036
555189
311989
304359
832672
471464
750560
75947
108876
629925
128131
301451
223572
962414
495328
996818
375661
13337
179708
427991
278899
376928
22120
470285
630417
75001
298367
974670
176587
670813
839067
985624
226002
667408
289983
575026
138872
556895
650973
247748
186821
295457
549199
926745
257871
560879
923564
633533
90569
619624
577876
369468
512904
116349
356106
143321
707702
654473
117991
884290
325286
473410
386266
67641
140818
192601
642667
279690
749496
293641
43791
452669
105450
109342
379415
363321
186574
819331
513206
277143
955307
607435
162963
468211
240136
35421
127884
464190
689894
245875
864832
531533
235638
251098
599174
376456
443699
758193
172499
193196
568186
216290
645865
673636
325632
541632
553310
512206
877315
582868
305701
832622
190303
468665
817185
946791
504086
945069
410982
710333
707297
275814
758218
942935
526913
873744
319391
486964
631937
8242
680160
200124
224532
842378
390112
550165
900362
943422
62371
777678
526291
368073
126652
232946
353090
460190
179738
373528
405259
107072
600213
628908
899238
358431
571843
942503
232175
407587
429468
380465
932181
625980
580589
156714
468358
970701
706879
368721
430476
285602
662751
956767
170027
305755
189713
39469
282297
885803
412998
203909
509227
529563
832817
408466
404347
921013
350969
636522
844952
780437
533339
777133
406418
630280
933847
391128
117334
157078
276201
547810
959033
455304
504577
645412
277412
210642
684882
559709
612798
614232
763618
122025
143795
596436
530491
548142
33801
397813
701017
878753
178250
234356
172238
101020
380989
622438
492149
498323
779516
284702
46133
254901
740007
67062
900314
17419
794056
585196
577128
406854
715780
340747
528880
859575
453535
575723
924070
3688
973536
141439
882441
668139
892147
571031
769159
273136
193469
777660
771459
489338
62363
817592
744239
802370
401006
160905
336141
195063
262453
913269
601917
978233
770368
647149
354161
740255
222873
278231
743943
712761
419670
142736
380900
828169
713768
666412
101306
423589
444072
872765
429279
506435
206710
173519
825157
124068
850776
677650
319131
113230
107272
921049
91463
877640
84550
445624
134248
823775
240207
394543
536537
176229
537280
433789
4399
767400
100201
105705
707341
544274
494822
136621
567061
217884
826492
908571
341953
677268
586221
661084
790498
693493
98485
398314
87486
699388
360290
221734
523163
116850
616277
576052
293079
669909
9842
813830
953661
110043
435887
661003
654317
930710
313976
737731
664946
140468
646302
523251
817736
232523
700688
124587
442369
315525
39253
529855
14913
915895
267941
54429
32745
400570
630481
842177
